-101.02 17.39 23 3.51 -2.84 -0.68 1.68 -1.61 1.03 23 X Y 201702020052A  
-106.28 18.67 21 -0.43 -0.90 1.33 0.41 0.86 -1.78 23 X Y 201703291433A  
-106.16 18.51 20 -0.57 -1.57 2.14 0.28 0.87 -1.11 23 X Y 201703292254A  
-105.30 16.60 21 0.02 -3.29 3.27 -0.38 0.53 0.44 23 X Y 201705161110A  
-105.41 17.11 16 -0.33 -1.24 1.57 2.18 -0.47 -1.84 23 X Y 201705201658A  
-109.21 20.07 14 -2.35 0.63 1.72 0.69 0.49 -0.89 23 X Y 201705270653A  
-109.07 19.78 22 -0.68 -3.28 3.95 -0.30 0.53 -1.38 23 X Y 201705300654A  
-108.51 19.35 28 -0.36 -2.04 2.40 -0.13 0.33 -1.51 23 X Y 201706250228A  
-109.97 25.24 25 -0.32 -2.17 2.49 -0.27 0.58 0.64 23 X Y 201707240136A  
-109.87 25.30 18 0.23 -1.61 1.38 -0.30 0.54 0.09 23 X Y 201707240143A  
-109.87 25.25 12 -0.05 -1.86 1.91 -0.53 0.48 -0.03 23 X Y 201707240157A  
